# Game Level Exporter v1.0
MESH
Carpet_2
<Matrix 4x4 (3.0977, 0.0000,  0.0000, 0.0000)
            (0.0000, 1.0000, -0.0000, 0.0000)
            (0.0000, 0.0000,  2.7977, 0.0000)
            (0.0000, 0.0000, -0.2844, 1.0000)>
MESH
Light_Stand1
<Matrix 4x4 (1.0000, 0.0000,  0.0000, 0.0000)
            (0.0000, 1.0000, -0.0000, 0.0000)
            (0.0000, 0.0000,  1.0000, 0.0000)
            (2.8794, 2.0532, -3.1839, 1.0000)>
MESH
Light_Stand1.001
<Matrix 4x4 (1.0000, 0.0000,  0.0000, 0.0000)
            (0.0000, 1.0000, -0.0000, 0.0000)
            (0.0000, 0.0000,  1.0000, 0.0000)
            (3.4227, 2.0532,  2.5656, 1.0000)>
MESH
Light_Stand1.002
<Matrix 4x4 ( 1.0000, 0.0000,  0.0000, 0.0000)
            ( 0.0000, 1.0000, -0.0000, 0.0000)
            ( 0.0000, 0.0000,  1.0000, 0.0000)
            (-3.3019, 2.0532,  2.9008, 1.0000)>
MESH
Light_Stand1.003
<Matrix 4x4 ( 1.0000, 0.0000,  0.0000, 0.0000)
            ( 0.0000, 1.0000, -0.0000, 0.0000)
            ( 0.0000, 0.0000,  1.0000, 0.0000)
            (-3.2766, 2.0532, -3.3771, 1.0000)>
LIGHT
Spot
<Matrix 4x4 (1.0000,  0.0000,  0.0000, 0.0000)
            (0.0049,  1.0000,  0.0080, 0.9826)
            (0.0000, -1.0000,  0.0000, 0.0000)
            (2.8829,  2.8044, -3.1879, 0.9659)>
LIGHT
Spot.001
<Matrix 4x4 (1.0000,  0.0000, 0.0000, 0.0000)
            (0.7791,  1.0000, 0.1165, 0.9826)
            (0.0000, -1.0000, 0.0000, 0.0000)
            (3.3526,  2.4734, 2.5972, 0.9659)>
LIGHT
Spot.002
<Matrix 4x4 ( 1.0000,  0.0000, 0.0000, 0.0000)
            ( 0.0065,  0.1064, 1.0000, 0.9826)
            ( 0.0000, -1.0000, 0.0000, 0.0000)
            (-3.3447,  2.8044, 2.8318, 0.9659)>
LIGHT
Spot.003
<Matrix 4x4 ( 1.0000,  0.0000,  0.0000, 0.0000)
            ( 1.0000,  0.0029,  0.0000, 0.9826)
            ( 0.0000, -1.0000,  0.0000, 0.0000)
            (-3.3095,  2.8044, -3.3034, 0.9659)>
MESH
Window_Small3
<Matrix 4x4 ( 0.9634, -0.1890, -0.1904, 0.0000)
            (-0.1338,  0.2767, -0.9516, 0.0000)
            ( 0.2325,  0.9422,  0.2413, 0.0000)
            (-3.8872,  0.2387,  0.0000, 1.0000)>
MESH
Window_Small3.001
<Matrix 4x4 ( 0.9634, -0.1890, -0.1904, 0.0000)
            (-0.1338,  0.2767, -0.9516, 0.0000)
            ( 0.2325,  0.9422,  0.2413, 0.0000)
            ( 3.0082,  0.2387, -0.4024, 1.0000)>
MESH
Bookshelf
<Matrix 4x4 ( 1.0000, 0.0000,  0.0000, 0.0000)
            ( 0.0000, 1.0000, -0.0000, 0.0000)
            ( 0.0000, 0.0000,  1.0000, 0.0000)
            (-0.1399, 2.1848,  3.7902, 1.0000)>
CAMERA
Camera
<Matrix 4x4 ( 0.0190, -0.0097, -0.9998, 0.0000)
            ( 0.4142,  0.9102, -0.0009, 0.0000)
            ( 0.9100, -0.4141,  0.0214, 0.0000)
            (-9.4110,  3.4734,  0.0000, 1.0000)>
MESH
Bookshelf.001
<Matrix 4x4 ( 1.0000, 0.0000,  0.0000, 0.0000)
            ( 0.0000, 1.0000, -0.0000, 0.0000)
            ( 0.0000, 0.0000,  1.0000, 0.0000)
            (-0.1399, 2.1848, -4.3088, 1.0000)>
MESH
Light_Cube
<Matrix 4x4 (1.0000, 0.0000,  0.0000, 0.0000)
            (0.0000, 1.0000, -0.0000, 0.0000)
            (0.0000, 0.0000,  1.0000, 0.0000)
            (2.7260, 0.9667, -0.2610, 1.0000)>
MESH
Light_Cube.001
<Matrix 4x4 ( 1.0000, 0.0000,  0.0000, 0.0000)
            ( 0.0000, 1.0000, -0.0000, 0.0000)
            ( 0.0000, 0.0000,  1.0000, 0.0000)
            (-3.9585, 0.9667, -0.2610, 1.0000)>
LIGHT
Spot.004
<Matrix 4x4 (1.0000,  0.0000,  0.0000, 0.0000)
            (1.0000,  1.0000,  1.0000, 0.9500)
            (0.0000, -1.0000,  0.0000, 0.0000)
            (2.8817,  0.8136, -0.3214, 0.9239)>
LIGHT
Spot.005
<Matrix 4x4 ( 1.0000,  0.0000,  0.0000, 0.0000)
            ( 1.0000,  1.0000,  1.0000, 0.9500)
            ( 0.0000, -1.0000,  0.0000, 0.0000)
            (-3.8940,  0.8136, -0.3214, 0.9239)>
MESH
Houseplant_8
<Matrix 4x4 (1.0000, 0.0000,  0.0000, 0.0000)
            (0.0000, 1.0000, -0.0000, 0.0000)
            (0.0000, 0.0000,  1.0000, 0.0000)
            (4.3660, 0.4294,  1.5393, 1.0000)>
MESH
Houseplant_8.001
<Matrix 4x4 (1.0000, 0.0000,  0.0000, 0.0000)
            (0.0000, 1.0000, -0.0000, 0.0000)
            (0.0000, 0.0000,  1.0000, 0.0000)
            (4.3660, 0.4294, -1.6558, 1.0000)>
MESH
NightStand_2
<Matrix 4x4 (1.0000, 0.0000,  0.0000, 0.0000)
            (0.0000, 1.0000, -0.0000, 0.0000)
            (0.0000, 0.0000,  1.0000, 0.0000)
            (0.0000, 0.5445,  0.0000, 1.0000)>
MESH
Light_Desk
<Matrix 4x4 (1.0000, 0.0000,  0.0000, 0.0000)
            (0.0000, 1.0000, -0.0000, 0.0000)
            (0.0000, 0.0000,  1.0000, 0.0000)
            (0.0000, 0.9906,  0.0000, 1.0000)>
LIGHT
Spot.006
<Matrix 4x4 (1.0000,  0.0000,  0.0000, 0.0000)
            (1.0000,  1.0000,  1.0000, 0.9500)
            (0.0000, -0.8785, -0.4777, 0.0000)
            (0.0000,  1.1401, -0.1501, 0.9239)>
MESH
Fork
<Matrix 4x4 ( 1.0000, 0.0000,  0.0000, 0.0000)
            ( 0.0000, 1.0000, -0.0000, 0.0000)
            ( 0.0000, 0.0000,  1.0000, 0.0000)
            (-0.0563, 0.8278, -0.1787, 1.0000)>
MESH
Stool
<Matrix 4x4 (1.0000, 0.0000,  0.0000, 0.0000)
            (0.0000, 1.0000, -0.0000, 0.0000)
            (0.0000, 0.0000,  1.0000, 0.0000)
            (0.0000, 0.7344, -1.7402, 1.0000)>
