# Game Level Exporter v1.0
MESH
Cube
<Matrix 4x4 (14.2436, 0.0000, 0.0000, 0.0000)
            ( 0.0000, 0.0000, 6.0042, 0.0000)
            ( 0.0000, 0.0656, 0.0000, 0.0000)
            (-7.1685, 0.0343, 0.0000, 1.0000)>
LIGHT
Light
<Matrix 4x4 ( -0.2909,  0.7688,  0.5695, 0.0000)
            ( -0.7711,  0.1640, -0.6152, 0.0000)
            ( -0.5664, -0.6181,  0.5451, 0.0000)
            (-12.9188,  2.4285,  5.0528, 1.0000)>
CAMERA
Camera
<Matrix 4x4 ( 0.6859,  0.0000,  0.7277, 0.0000)
            (-0.3240,  0.8954,  0.3054, 0.0000)
            (-0.6516, -0.4453,  0.6142, 0.0000)
            ( 9.1528,  4.9583, -6.9258, 1.0000)>
MESH
BedDouble
<Matrix 4x4 ( 1.0000, 0.0000,  0.0000, 0.0000)
            ( 0.0000, 1.0000, -0.0000, 0.0000)
            ( 0.0000, 0.0000,  1.0000, 0.0000)
            (-5.1801, 0.0377,  4.2133, 1.0000)>
MESH
Bookcase_Books
<Matrix 4x4 (  1.0000, 0.0000,  0.0000, 0.0000)
            (  0.0000, 1.0000, -0.0000, 0.0000)
            (  0.0000, 0.0000,  1.0000, 0.0000)
            (-16.1551, 0.0648,  5.5511, 1.0000)>
MESH
Door2
<Matrix 4x4 (1.0000, 0.0000,  0.0000, 0.0000)
            (0.0000, 1.0000, -0.0000, 0.0000)
            (0.0000, 0.0000,  1.0000, 0.0000)
            (0.1872, 0.0414,  5.9728, 1.0000)>
MESH
NightStand
<Matrix 4x4 ( 1.0000, 0.0000,  0.0000, 0.0000)
            ( 0.0000, 1.0000, -0.0000, 0.0000)
            ( 0.0000, 0.0000,  1.0000, 0.0000)
            (-4.0356, 0.0654,  5.6298, 1.0000)>
MESH
Closet
<Matrix 4x4 ( 1.0000, 0.0000,  0.0000, 0.0000)
            ( 0.0000, 1.0000, -0.0000, 0.0000)
            ( 0.0000, 0.0000,  1.0000, 0.0000)
            (-2.3842, 0.1015,  5.2946, 1.0000)>
MESH
Desk
<Matrix 4x4 (-1.0000, 0.0000, -0.0021, 0.0000)
            (-0.0000, 1.0000,  0.0000, 0.0000)
            ( 0.0021, 0.0000, -1.0000, 0.0000)
            (-5.4872, 0.0663, -5.4515, 1.0000)>
MESH
Chair
<Matrix 4x4 ( 1.0000, 0.0000,  0.0000, 0.0000)
            ( 0.0000, 1.0000, -0.0000, 0.0000)
            ( 0.0000, 0.0000,  1.0000, 0.0000)
            (-5.3752, 0.0877, -4.8752, 1.0000)>
MESH
Cube.001
<Matrix 4x4 (14.1835,  0.0000,  0.0000, 0.0000)
            ( 0.0000, -3.0478,  0.1487, 0.0000)
            ( 0.0000,  0.0032,  0.0655, 0.0000)
            (-7.2311,  3.0520, -6.1166, 1.0000)>
MESH
Cube.002
<Matrix 4x4 ( 10.4456,  0.0000, 0.0000, 0.0000)
            (  0.0000, -3.0478, 0.1487, 0.0000)
            (  0.0000,  0.0032, 0.0655, 0.0000)
            (-11.0431,  3.0246, 5.9084, 1.0000)>
MESH
Cube.003
<Matrix 4x4 (3.0303,  0.0000, 0.0000, 0.0000)
            (0.0000, -3.0478, 0.1487, 0.0000)
            (0.0000,  0.0032, 0.0655, 0.0000)
            (4.0022,  3.0246, 5.9084, 1.0000)>
MESH
Bookcase_Books.001
<Matrix 4x4 (  1.0000, 0.0000,  0.0000, 0.0000)
            (  0.0000, 1.0000, -0.0000, 0.0000)
            (  0.0000, 0.0000,  1.0000, 0.0000)
            (-14.1871, 0.0648,  5.5511, 1.0000)>
MESH
Sofa3
<Matrix 4x4 (  1.0000, 0.0000,  0.0000, 0.0000)
            (  0.0000, 1.0000, -0.0000, 0.0000)
            (  0.0000, 0.0000,  1.0000, 0.0000)
            (-10.4855, 0.0000,  5.1573, 1.0000)>
MESH
Carpet_1
<Matrix 4x4 ( 0.0036, 0.0000, -1.0000, 0.0000)
            (-0.0000, 1.0000, -0.0000, 0.0000)
            ( 1.0000, 0.0000,  0.0036, 0.0000)
            (-5.8921, 0.4110,  0.0203, 1.0000)>
MESH
Light_Stand1
<Matrix 4x4 (  1.0000, 0.0000,  0.0000, 0.0000)
            (  0.0000, 1.0000, -0.0000, 0.0000)
            (  0.0000, 0.0000,  1.0000, 0.0000)
            (-12.8362, 0.2075,  5.2366, 1.0000)>
MESH
NightStand.001
<Matrix 4x4 ( 1.0000, 0.0000,  0.0000, 0.0000)
            ( 0.0000, 1.0000, -0.0000, 0.0000)
            ( 0.0000, 0.0000,  1.0000, 0.0000)
            (-7.8794, 0.0654,  5.6298, 1.0000)>
MESH
Houseplant_1
<Matrix 4x4 ( 1.0000, 0.0000,  0.0000, 0.0000)
            ( 0.0000, 1.0000, -0.0000, 0.0000)
            ( 0.0000, 0.0000,  1.0000, 0.0000)
            (-7.8563, 0.5573,  5.6825, 1.0000)>
MESH
Houseplant_1.001
<Matrix 4x4 ( 1.0000, 0.0000,  0.0000, 0.0000)
            ( 0.0000, 1.0000, -0.0000, 0.0000)
            ( 0.0000, 0.0000,  1.0000, 0.0000)
            (-4.0676, 0.5573,  5.6707, 1.0000)>
MESH
Trashcan_Small2
<Matrix 4x4 ( 1.0000, 0.0000,  0.0000, 0.0000)
            ( 0.0000, 1.0000, -0.0000, 0.0000)
            ( 0.0000, 0.0000,  1.0000, 0.0000)
            (-6.7447, 0.1637, -5.5901, 1.0000)>
MESH
Trashcan_Small2.001
<Matrix 4x4 ( 1.0000, 0.0000,  0.0000, 0.0000)
            ( 0.0000, 1.0000, -0.0000, 0.0000)
            ( 0.0000, 0.0000,  1.0000, 0.0000)
            (-4.1956, 0.1637, -5.5901, 1.0000)>
MESH
Light_Desk
<Matrix 4x4 (-0.3150, 0.0000, -0.9491, 0.0000)
            (-0.0000, 1.0000,  0.0000, 0.0000)
            ( 0.9491, 0.0000, -0.3150, 0.0000)
            (-4.6597, 0.9695, -5.7792, 1.0000)>
MESH
Kitchen_Fridge
<Matrix 4x4 ( 0.0164, 0.0000, -0.9999, 0.0000)
            (-0.0000, 1.0000, -0.0000, 0.0000)
            ( 0.9999, 0.0000,  0.0164, 0.0000)
            ( 6.1944, 0.0000,  5.0842, 1.0000)>
MESH
Carpet_1.001
<Matrix 4x4 ( 0.0027, 0.0000, -0.7402, 0.0000)
            (-0.0000, 1.0000, -0.0000, 0.0000)
            ( 0.8632, 0.0000,  0.0031, 0.0000)
            ( 0.1256, 0.4110,  4.7325, 1.0000)>
MESH
Kitchen_Oven
<Matrix 4x4 ( 0.0076, 0.0000, -1.0000, 0.0000)
            (-0.0000, 1.0000, -0.0000, 0.0000)
            ( 1.0000, 0.0000,  0.0076, 0.0000)
            ( 6.2201, 0.0290,  3.7226, 1.0000)>
MESH
Cube.004
<Matrix 4x4 (-0.0088, -0.0645, -6.1224, 0.0000)
            ( 0.0578, -3.0507,  0.0321, 0.0000)
            ( 0.0656,  0.0012, -0.0001, 0.0000)
            ( 6.9554,  3.0096, -0.1325, 1.0000)>
MESH
Bathroom_WashingMachine
<Matrix 4x4 ( -0.9996, 0.0000,  0.0298, 0.0000)
            (  0.0000, 1.0000,  0.0000, 0.0000)
            ( -0.0298, 0.0000, -0.9996, 0.0000)
            (-15.3633, 0.0769, -5.1615, 1.0000)>
MESH
Cube.005
<Matrix 4x4 (-0.7759,  0.0000, 0.0000, 0.0000)
            ( 0.0000, -1.4674, 0.0716, 0.0000)
            ( 0.0000,  0.0032, 0.0654, 0.0000)
            ( 0.1738,  4.6083, 5.8329, 1.0000)>
MESH
Bathroom_WashingMachine.001
<Matrix 4x4 ( -0.9996, 0.0000,  0.0298, 0.0000)
            (  0.0000, 1.0000,  0.0000, 0.0000)
            ( -0.0298, 0.0000, -0.9996, 0.0000)
            (-13.8413, 0.0769, -5.1615, 1.0000)>
MESH
Bathroom_Toilet
<Matrix 4x4 (  1.0000, 0.0000,  0.0000, 0.0000)
            (  0.0000, 1.0000, -0.0000, 0.0000)
            (  0.0000, 0.0000,  1.0000, 0.0000)
            (-20.0673, 0.1034,  4.7617, 1.0000)>
MESH
Kitchen_Sink
<Matrix 4x4 (-0.0092, 0.0000, -1.0000, 0.0000)
            (-0.0000, 1.0000,  0.0000, 0.0000)
            ( 1.0000, 0.0000, -0.0092, 0.0000)
            ( 6.5091, 0.1200,  1.5011, 1.0000)>
MESH
Kitchen_3Drawers
<Matrix 4x4 (-0.0154, 0.0000, -0.9999, 0.0000)
            (-0.0000, 1.0000,  0.0000, 0.0000)
            ( 0.9999, 0.0000, -0.0154, 0.0000)
            ( 6.5266, 0.0840,  2.5017, 1.0000)>
MESH
Kitchen_3Drawers.001
<Matrix 4x4 (-0.0154, 0.0000, -0.9999, 0.0000)
            (-0.0000, 1.0000,  0.0000, 0.0000)
            ( 0.9999, 0.0000, -0.0154, 0.0000)
            ( 6.5266, 0.0840,  0.5077, 1.0000)>
MESH
Kitchen_3Drawers.002
<Matrix 4x4 (-0.0154, 0.0000, -0.9999, 0.0000)
            (-0.0000, 1.0000,  0.0000, 0.0000)
            ( 0.9999, 0.0000, -0.0154, 0.0000)
            ( 6.5266, 0.0840, -0.4840, 1.0000)>
MESH
Table_RoundLarge
<Matrix 4x4 (  1.0000, 0.0000,  0.0000, 0.0000)
            (  0.0000, 1.0000, -0.0000, 0.0000)
            (  0.0000, 0.0000,  1.0000, 0.0000)
            (-11.0178, 0.0767,  1.3013, 1.0000)>
MESH
Bathroom_Bathtub.001
<Matrix 4x4 (  0.0200, 0.0000, -0.9998, 0.0000)
            ( -0.0000, 1.0000, -0.0000, 0.0000)
            (  0.9998, 0.0000,  0.0200, 0.0000)
            (-19.3617, 0.0000, -4.7992, 1.0000)>
MESH
Bathroom_Mirror1
<Matrix 4x4 (  1.0000, 0.0000,  0.0000, 0.0000)
            (  0.0000, 1.0000, -0.0000, 0.0000)
            (  0.0000, 0.0000,  1.0000, 0.0000)
            (-19.8933, 3.3894,  5.7823, 1.0000)>
MESH
Trashcan_Cylindric
<Matrix 4x4 (1.0000, 0.0000,  0.0000, 0.0000)
            (0.0000, 1.0000, -0.0000, 0.0000)
            (0.0000, 0.0000,  1.0000, 0.0000)
            (6.5178, 0.0000, -1.8485, 1.0000)>
MESH
Table2.001
<Matrix 4x4 ( 0.0253, 0.0000, -1.4813, 0.0000)
            (-0.0000, 1.0000, -0.0000, 0.0000)
            ( 2.2240, 0.0000,  0.0379, 0.0000)
            ( 2.1045, 0.0681, -3.7681, 1.0000)>
MESH
Stool
<Matrix 4x4 (1.0000, 0.0000,  0.0000, 0.0000)
            (0.0000, 1.0000, -0.0000, 0.0000)
            (0.0000, 0.0000,  1.0000, 0.0000)
            (0.2469, 0.0289, -2.3876, 1.0000)>
MESH
Stool.001
<Matrix 4x4 (1.0000, 0.0000,  0.0000, 0.0000)
            (0.0000, 1.0000, -0.0000, 0.0000)
            (0.0000, 0.0000,  1.0000, 0.0000)
            (1.7531, 0.0289, -2.3876, 1.0000)>
MESH
Stool.002
<Matrix 4x4 (1.0000, 0.0000,  0.0000, 0.0000)
            (0.0000, 1.0000, -0.0000, 0.0000)
            (0.0000, 0.0000,  1.0000, 0.0000)
            (3.7077, 0.0289, -2.3876, 1.0000)>
MESH
Stool.003
<Matrix 4x4 (1.0000, 0.0000,  0.0000, 0.0000)
            (0.0000, 1.0000, -0.0000, 0.0000)
            (0.0000, 0.0000,  1.0000, 0.0000)
            (3.7077, 0.0289, -5.2888, 1.0000)>
MESH
Stool.004
<Matrix 4x4 (1.0000, 0.0000,  0.0000, 0.0000)
            (0.0000, 1.0000, -0.0000, 0.0000)
            (0.0000, 0.0000,  1.0000, 0.0000)
            (1.7531, 0.0289, -5.2888, 1.0000)>
MESH
Stool.005
<Matrix 4x4 (1.0000, 0.0000,  0.0000, 0.0000)
            (0.0000, 1.0000, -0.0000, 0.0000)
            (0.0000, 0.0000,  1.0000, 0.0000)
            (0.2469, 0.0289, -5.2888, 1.0000)>
MESH
Plate_2
<Matrix 4x4 (1.0000, 0.0000,  0.0000, 0.0000)
            (0.0000, 1.0000, -0.0000, 0.0000)
            (0.0000, 0.0000,  1.0000, 0.0000)
            (0.0000, 0.9008, -3.1817, 1.0000)>
MESH
Plate_2.001
<Matrix 4x4 (1.0000, 0.0000,  0.0000, 0.0000)
            (0.0000, 1.0000, -0.0000, 0.0000)
            (0.0000, 0.0000,  1.0000, 0.0000)
            (1.5427, 0.9008, -3.1817, 1.0000)>
MESH
Plate_2.002
<Matrix 4x4 (1.0000, 0.0000,  0.0000, 0.0000)
            (0.0000, 1.0000, -0.0000, 0.0000)
            (0.0000, 0.0000,  1.0000, 0.0000)
            (3.3536, 0.9008, -3.1817, 1.0000)>
MESH
Plate_2.003
<Matrix 4x4 (1.0000, 0.0000,  0.0000, 0.0000)
            (0.0000, 1.0000, -0.0000, 0.0000)
            (0.0000, 0.0000,  1.0000, 0.0000)
            (3.3536, 0.9008, -4.3987, 1.0000)>
MESH
Plate_2.004
<Matrix 4x4 (1.0000, 0.0000,  0.0000, 0.0000)
            (0.0000, 1.0000, -0.0000, 0.0000)
            (0.0000, 0.0000,  1.0000, 0.0000)
            (1.7408, 0.9008, -4.3987, 1.0000)>
MESH
Plate_2.005
<Matrix 4x4 (1.0000, 0.0000,  0.0000, 0.0000)
            (0.0000, 1.0000, -0.0000, 0.0000)
            (0.0000, 0.0000,  1.0000, 0.0000)
            (0.0418, 0.9008, -4.3987, 1.0000)>
MESH
Knife
<Matrix 4x4 (-0.9992, 0.0000, -0.0412, 0.0000)
            (-0.0000, 1.0000,  0.0000, 0.0000)
            ( 0.0412, 0.0000, -0.9992, 0.0000)
            (-0.2356, 0.8920, -3.1622, 1.0000)>
MESH
Knife.001
<Matrix 4x4 (-0.9992, 0.0000, -0.0412, 0.0000)
            (-0.0000, 1.0000,  0.0000, 0.0000)
            ( 0.0412, 0.0000, -0.9992, 0.0000)
            ( 1.3449, 0.8920, -3.1622, 1.0000)>
MESH
Knife.002
<Matrix 4x4 (-0.9992, 0.0000, -0.0412, 0.0000)
            (-0.0000, 1.0000,  0.0000, 0.0000)
            ( 0.0412, 0.0000, -0.9992, 0.0000)
            ( 3.1350, 0.8920, -3.1622, 1.0000)>
MESH
Knife.003
<Matrix 4x4 ( 0.9979, 0.0000,  0.0644, 0.0000)
            ( 0.0000, 1.0000, -0.0000, 0.0000)
            (-0.0644, 0.0000,  0.9979, 0.0000)
            (-0.3050, 0.8920, -4.4477, 1.0000)>
MESH
Knife.004
<Matrix 4x4 ( 0.9979, 0.0000,  0.0644, 0.0000)
            ( 0.0000, 1.0000, -0.0000, 0.0000)
            (-0.0644, 0.0000,  0.9979, 0.0000)
            ( 1.4847, 0.8920, -4.4061, 1.0000)>
MESH
Knife.005
<Matrix 4x4 ( 0.9979, 0.0000,  0.0644, 0.0000)
            ( 0.0000, 1.0000, -0.0000, 0.0000)
            (-0.0644, 0.0000,  0.9979, 0.0000)
            ( 3.0647, 0.8920, -4.4231, 1.0000)>
MESH
Fork
<Matrix 4x4 (1.0000, 0.0000,  0.0000, 0.0000)
            (0.0000, 1.0000, -0.0000, 0.0000)
            (0.0000, 0.0000,  1.0000, 0.0000)
            (0.4561, 0.8773, -4.4264, 1.0000)>
MESH
Fork.001
<Matrix 4x4 (1.0000, 0.0000,  0.0000, 0.0000)
            (0.0000, 1.0000, -0.0000, 0.0000)
            (0.0000, 0.0000,  1.0000, 0.0000)
            (2.0770, 0.8773, -4.4264, 1.0000)>
MESH
Fork.002
<Matrix 4x4 (1.0000, 0.0000,  0.0000, 0.0000)
            (0.0000, 1.0000, -0.0000, 0.0000)
            (0.0000, 0.0000,  1.0000, 0.0000)
            (3.7523, 0.8773, -4.4264, 1.0000)>
MESH
Fork.003
<Matrix 4x4 (-0.9995, 0.0000,  0.0331, 0.0000)
            ( 0.0000, 1.0000,  0.0000, 0.0000)
            (-0.0331, 0.0000, -0.9995, 0.0000)
            ( 0.3525, 0.8773, -3.1600, 1.0000)>
MESH
Fork.004
<Matrix 4x4 (-0.9995, 0.0000,  0.0331, 0.0000)
            ( 0.0000, 1.0000,  0.0000, 0.0000)
            (-0.0331, 0.0000, -0.9995, 0.0000)
            ( 2.0269, 0.8773, -3.2155, 1.0000)>
MESH
Fork.005
<Matrix 4x4 (-0.9995, 0.0000,  0.0331, 0.0000)
            ( 0.0000, 1.0000,  0.0000, 0.0000)
            (-0.0331, 0.0000, -0.9995, 0.0000)
            ( 3.8622, 0.8773, -3.1402, 1.0000)>
MESH
Pug
<Matrix 4x4 (0.5862, 0.0000,  0.0000, 0.0000)
            (0.0000, 0.5862, -0.0000, 0.0000)
            (0.0000, 0.0000,  0.5388, 0.0000)
            (0.0000, 0.3442,  4.8484, 1.0000)>
