# Game Level Exporter v1.0
MESH
Carpet_2
<Matrix 4x4 (3.0977, 0.0000,  0.0000, 0.0000)
            (0.0000, 1.0000, -0.0000, 0.0000)
            (0.0000, 0.0000,  2.7977, 0.0000)
            (0.0000, 0.0000, -0.2844, 1.0000)>
MESH
Light_Stand1
<Matrix 4x4 (1.0000, 0.0000,  0.0000, 0.0000)
            (0.0000, 1.0000, -0.0000, 0.0000)
            (0.0000, 0.0000,  1.0000, 0.0000)
            (2.8794, 2.0532, -3.1839, 1.0000)>
MESH
Light_Stand1.001
<Matrix 4x4 (1.0000, 0.0000,  0.0000, 0.0000)
            (0.0000, 1.0000, -0.0000, 0.0000)
            (0.0000, 0.0000,  1.0000, 0.0000)
            (3.4227, 2.0532,  2.5656, 1.0000)>
MESH
Light_Stand1.002
<Matrix 4x4 ( 1.0000, 0.0000,  0.0000, 0.0000)
            ( 0.0000, 1.0000, -0.0000, 0.0000)
            ( 0.0000, 0.0000,  1.0000, 0.0000)
            (-3.3019, 2.0532,  2.9008, 1.0000)>
MESH
Light_Stand1.003
<Matrix 4x4 ( 1.0000, 0.0000,  0.0000, 0.0000)
            ( 0.0000, 1.0000, -0.0000, 0.0000)
            ( 0.0000, 0.0000,  1.0000, 0.0000)
            (-3.2766, 2.0532, -3.3771, 1.0000)>
LIGHT
Spot
<Matrix 4x4 (1.0000,  0.0000,  0.0000, 0.0000)
            (0.0000,  0.0000,  1.0000, 0.0000)
            (0.0000, -1.0000,  0.0000, 0.0000)
            (2.8829,  2.8044, -3.1879, 1.0000)>
LIGHT
Spot.001
<Matrix 4x4 (1.0000,  0.0000, 0.0000, 0.0000)
            (0.0000,  0.0000, 1.0000, 0.0000)
            (0.0000, -1.0000, 0.0000, 0.0000)
            (3.3526,  2.9540, 2.5972, 1.0000)>
LIGHT
Spot.002
<Matrix 4x4 ( 1.0000,  0.0000, 0.0000, 0.0000)
            ( 0.0000,  0.0000, 1.0000, 0.0000)
            ( 0.0000, -1.0000, 0.0000, 0.0000)
            (-3.3447,  2.8044, 2.8318, 1.0000)>
LIGHT
Spot.003
<Matrix 4x4 ( 1.0000,  0.0000,  0.0000, 0.0000)
            ( 0.0000,  0.0000,  1.0000, 0.0000)
            ( 0.0000, -1.0000,  0.0000, 0.0000)
            (-3.3095,  2.8044, -3.3034, 1.0000)>
MESH
Window_Small3
<Matrix 4x4 ( 0.9634, -0.1890, -0.1904, 0.0000)
            (-0.1338,  0.2767, -0.9516, 0.0000)
            ( 0.2325,  0.9422,  0.2413, 0.0000)
            (-3.8872,  0.2387,  0.0000, 1.0000)>
MESH
Window_Small3.001
<Matrix 4x4 ( 0.9634, -0.1890, -0.1904, 0.0000)
            (-0.1338,  0.2767, -0.9516, 0.0000)
            ( 0.2325,  0.9422,  0.2413, 0.0000)
            ( 3.0082,  0.2387, -0.4024, 1.0000)>
MESH
Bookshelf
<Matrix 4x4 ( 1.0000, 0.0000,  0.0000, 0.0000)
            ( 0.0000, 1.0000, -0.0000, 0.0000)
            ( 0.0000, 0.0000,  1.0000, 0.0000)
            (-0.1399, 2.1848,  3.2133, 1.0000)>
CAMERA
Camera
<Matrix 4x4 ( 0.0190, -0.0097, -0.9998, 0.0000)
            ( 0.4142,  0.9102, -0.0009, 0.0000)
            ( 0.9100, -0.4141,  0.0214, 0.0000)
            (-9.4110,  3.4734,  0.0000, 1.0000)>
